190_138_v3test 1981 1 1 1 -20.1 -11.1 0 -999.9 1 1.6 1.9 360
190_138_v3test 1981 1 2 2 -19.6 -9.1 0 -999.9 0.5 2.3 2.1 360
190_138_v3test 1981 1 3 3 -15.2 -9.6 0 -999.9 0.5 2 2 360
190_138_v3test 1981 1 4 4 -18.6 -15.1 0 -999.9 4.1 1.9 1 360
190_138_v3test 1981 1 5 5 -20.3 -15.7 0 -999.9 1 2.4 1.6 360
190_138_v3test 1981 1 6 6 -19.7 -9.6 0 -999.9 4.1 2.9 1.4 360
190_138_v3test 1981 1 7 7 -15 -10.1 0 -999.9 2 2 1.8 360
190_138_v3test 1981 1 8 8 -16.1 -9.1 0 -999.9 9.9 4.7 1.9 360
190_138_v3test 1981 1 9 9 -13.1 -3.6 0 -999.9 11.9 4 3 360
190_138_v3test 1981 1 10 10 -15.4 -11.6 0 -999.9 1 3.3 1.9 360
190_138_v3test 1981 1 11 11 -20.3 -9.6 0 -999.9 1 2.4 1.4 360
190_138_v3test 1981 1 12 12 -14.6 -2.1 0 -999.9 2 5.2 3.8 360
190_138_v3test 1981 1 13 13 -10.4 -6.3 0 -999.9 7.1 5.4 3.3 360
190_138_v3test 1981 1 14 14 -14.5 -8.7 0 -999.9 2 3.3 2.3 360
190_138_v3test 1981 1 15 15 -18.1 -7.1 0 -999.9 0 2.9 1.8 360
190_138_v3test 1981 1 16 16 -11.7 -6.6 0 -999.9 2 3 2.8 360
190_138_v3test 1981 1 17 17 -13.6 -7.6 0 -999.9 8.1 3.7 2.4 360
190_138_v3test 1981 1 18 18 -14.5 -8.8 0 -999.9 0.5 2.1 1.4 360
190_138_v3test 1981 1 19 19 -24.6 -19.3 0.1 -999.9 0 1.3 0.7 360
190_138_v3test 1981 1 20 20 -26.6 -14.6 0.1 -999.9 0 0.5 1.5 360
190_138_v3test 1981 1 21 21 -21.1 -15.1 0.1 -999.9 2 4.1 1.4 360
190_138_v3test 1981 1 22 22 -18.6 -10.1 0.1 -999.9 5.1 4 2 360
190_138_v3test 1981 1 23 23 -12.1 -3.1 0.2 -999.9 0.5 4.8 3.4 360
190_138_v3test 1981 1 24 24 -6.1 0.9 0.2 -999.9 0.5 4.7 4.1 360
190_138_v3test 1981 1 25 25 -15.9 -5.3 0.2 -999.9 5.1 7.2 4 360
190_138_v3test 1981 1 26 26 -18.3 -11.5 0.3 -999.9 0.5 4.3 1.6 360
190_138_v3test 1981 1 27 27 -14.1 -0.1 0.4 -999.9 14 5.6 3.3 360
190_138_v3test 1981 1 28 28 -9.9 -7.2 0.4 -999.9 3 2.5 3.7 360
190_138_v3test 1981 1 29 29 -16.4 -10 0.4 -999.9 1.5 3 2 360
190_138_v3test 1981 1 30 30 -18.1 -11.6 0.5 -999.9 0 2.4 1.8 360
190_138_v3test 1981 1 31 31 -17.1 -10.6 0.6 -999.9 2 2.8 2 360
190_138_v3test 1981 2 1 32 -15.1 -4.6 0.7 -999.9 5.1 4.9 3 360
190_138_v3test 1981 2 2 33 -17.2 -11.9 0.7 -999.9 0.5 3.4 1.7 360
190_138_v3test 1981 2 3 34 -19.3 -14.1 0.8 -999.9 0 2 1.4 360
190_138_v3test 1981 2 4 35 -21.8 -20.6 0.8 -999.9 0.3 1.5 0.8 360
190_138_v3test 1981 2 5 36 -23.7 -23.6 1.2 -999.9 0 1.8 0.6 360
190_138_v3test 1981 2 6 37 -23.7 -19.6 1 -999.9 2 2.2 0.8 360
190_138_v3test 1981 2 7 38 -15.1 -6.6 1.4 -999.9 3 4 2.6 360
190_138_v3test 1981 2 8 39 -8.1 -5.1 1.5 -999.9 0 3.7 3.1 360
190_138_v3test 1981 2 9 40 -10.1 -8.7 1.6 -999.9 0 3.6 2.8 360
190_138_v3test 1981 2 10 41 -13.5 -8.5 1.4 -999.9 0 2.3 2.9 360
190_138_v3test 1981 2 11 42 -16.2 -11.1 1.6 -999.9 0 3.3 1.9 360
190_138_v3test 1981 2 12 43 -19.6 -14.1 2 -999.9 0 2.8 1.4 360
190_138_v3test 1981 2 13 44 -22.1 -17.6 1.9 -999.9 0 3.4 1.1 360
190_138_v3test 1981 2 14 45 -21.6 -10.6 2.6 -999.9 0 4 1.8 360
190_138_v3test 1981 2 15 46 -12.9 -9.8 1.5 -999.9 0 3.3 2.1 360
190_138_v3test 1981 2 16 47 -13.6 -10.6 1.9 -999.9 0 3.1 2.1 360
190_138_v3test 1981 2 17 48 -15.1 -6.8 2.4 -999.9 0 1.9 2.3 360
190_138_v3test 1981 2 18 49 -18.1 -7.1 3 -999.9 0 4.5 2.1 360
190_138_v3test 1981 2 19 50 -10.1 -4.6 2.5 -999.9 0 7.3 2.7 360
190_138_v3test 1981 2 20 51 -14.5 -8.5 2.3 -999.9 0 4.6 1.9 360
190_138_v3test 1981 2 21 52 -17.1 -12.6 2.5 -999.9 0 3.9 1.5 360
190_138_v3test 1981 2 22 53 -15.1 -9.6 2.7 -999.9 0 5.4 1.8 360
190_138_v3test 1981 2 23 54 -19.1 -13.6 2.7 -999.9 0 3.2 1.3 360
190_138_v3test 1981 2 24 55 -25.1 -13.6 3.8 -999.9 0 4 1.2 360
190_138_v3test 1981 2 25 56 -14.6 -11.1 2.6 -999.9 0 3.4 1.9 360
190_138_v3test 1981 2 26 57 -20.1 -8.1 3.3 -999.9 0 3.3 2 360
190_138_v3test 1981 2 27 58 -12.1 -6.6 3.2 -999.9 0 4.1 2.2 360
190_138_v3test 1981 2 28 59 -14.1 -7.1 3.6 -999.9 0 4.6 2 360
190_138_v3test 1981 3 1 60 -11.1 -7.6 2.9 -999.9 0 6.2 2.4 360
190_138_v3test 1981 3 2 61 -10.6 -8.1 2.7 -999.9 3 4.3 2.4 360
190_138_v3test 1981 3 3 62 -15.1 -8.6 3.7 -999.9 3 2.9 2.3 360
190_138_v3test 1981 3 4 63 -19.6 -11.6 4.2 -999.9 2 1.3 1.5 360
190_138_v3test 1981 3 5 64 -26.6 -13.1 5.2 -999.9 0.3 2.2 1 360
190_138_v3test 1981 3 6 65 -30.6 -12 4.3 -999.9 1 2.4 0.7 360
190_138_v3test 1981 3 7 66 -28.1 -15.1 5.5 -999.9 0 1.8 1 360
190_138_v3test 1981 3 8 67 -23.6 -14.1 5 -999.9 0.3 1.4 1.2 360
190_138_v3test 1981 3 9 68 -25.6 -14.6 5.4 -999.9 0 2.4 1.2 360
190_138_v3test 1981 3 10 69 -15.6 -13.6 4.2 -999.9 0.3 2.9 1.3 360
190_138_v3test 1981 3 11 70 -28.1 -15.1 6.1 -999.9 0.3 1 0.9 360
190_138_v3test 1981 3 12 71 -31.1 -18.1 6.3 -999.9 0 2.2 0.7 360
190_138_v3test 1981 3 13 72 -31.6 -18.6 6.7 -999.9 0 1.8 0.6 360
190_138_v3test 1981 3 14 73 -18.7 -9.1 5.7 -999.9 2 3.4 0.8 360
190_138_v3test 1981 3 15 74 -17.6 -10.6 5.4 -999.9 3 5 1.4 360
190_138_v3test 1981 3 16 75 -11.6 -6.1 5.4 -999.9 4.6 3 2.2 360
190_138_v3test 1981 3 17 76 -13.6 -8.1 5.2 -999.9 0 1.9 2.1 360
190_138_v3test 1981 3 18 77 -16.6 -6.6 6.5 -999.9 2.5 2.6 2.1 360
190_138_v3test 1981 3 19 78 -23.1 -9.1 7.8 -999.9 2.5 2.3 1.6 360
190_138_v3test 1981 3 20 79 -14.1 -8.1 5.8 -999.9 1.5 2.3 2.4 360
190_138_v3test 1981 3 21 80 -13.6 -6.1 6.2 -999.9 0 1.2 2.6 360
190_138_v3test 1981 3 22 81 -12.9 -5.3 6.4 -999.9 0 1.6 2 360
190_138_v3test 1981 3 23 82 -23.6 -10.1 8.7 -999.9 0.3 1.9 1.7 360
190_138_v3test 1981 3 24 83 -10.6 -3.1 7 -999.9 2 3.1 3.5 360
190_138_v3test 1981 3 25 84 -8.6 -4.6 5.4 -999.9 1.3 2.8 3.3 360
190_138_v3test 1981 3 26 85 -10.6 -4.6 6.2 -999.9 21.1 4.7 2.7 360
190_138_v3test 1981 3 27 86 -12.1 -5.6 6.5 -999.9 22.1 7 2.8 360
190_138_v3test 1981 3 28 87 -10.1 -5.1 5.8 -999.9 6.1 5.4 2.7 360
190_138_v3test 1981 3 29 88 -17.1 -2.1 10.5 -999.9 0 4.6 2.4 360
190_138_v3test 1981 3 30 89 -4.6 5.9 9.2 -999.9 0 5.8 4.4 360
190_138_v3test 1981 3 31 90 -0.1 2.4 4.9 -999.9 2 2.7 4.7 360
190_138_v3test 1981 4 1 91 -2.1 5.4 8.3 -999.9 0 2.3 4.8 360
190_138_v3test 1981 4 2 92 -1.1 5.4 7.9 -999.9 0.3 3.7 4.9 360
190_138_v3test 1981 4 3 93 0.9 4.4 6 -999.9 2 3 5.8 360
190_138_v3test 1981 4 4 94 -4.3 1.9 7.5 -999.9 0 2.8 4.3 360
190_138_v3test 1981 4 5 95 -5.6 1.9 8.9 -999.9 0 3.7 4.2 360
190_138_v3test 1981 4 6 96 -3.6 0.4 6.7 -999.9 4.1 4.9 4 360
190_138_v3test 1981 4 7 97 -5.6 -1.6 6.8 -999.9 0 3.7 3.5 360
190_138_v3test 1981 4 8 98 -8.6 -3.6 7.9 -999.9 1 2.8 2.9 360
190_138_v3test 1981 4 9 99 -13.1 -4.6 11 -999.9 0 2.2 1.9 360
190_138_v3test 1981 4 10 100 -6.6 3.9 11.4 -999.9 2 4.6 4.5 360
190_138_v3test 1981 4 11 101 -2 2.4 7.8 -999.9 0 4.2 4.9 360
190_138_v3test 1981 4 12 102 -3.1 1.9 8.4 -999.9 0 2.7 4 360
190_138_v3test 1981 4 13 103 -2.8 1.4 7.6 -999.9 0.5 2.9 5.2 360
190_138_v3test 1981 4 14 104 -7.2 -1.6 9.2 -999.9 0 2.8 4.2 360
190_138_v3test 1981 4 15 105 -8.6 -1.1 10.1 -999.9 3 3.6 3.6 360
190_138_v3test 1981 4 16 106 -5.6 -1.1 8.2 -999.9 3 3.4 3.6 360
190_138_v3test 1981 4 17 107 -5.6 4.4 12.5 -999.9 0 4.9 4.2 360
190_138_v3test 1981 4 18 108 -1.1 2.9 8.4 -999.9 0.3 4.8 4.4 360
190_138_v3test 1981 4 19 109 -5.6 0.9 10.5 -999.9 0 5 3.5 360
190_138_v3test 1981 4 20 110 -5 2.4 10.8 -999.9 0.5 5.5 4 360
190_138_v3test 1981 4 21 111 -10.1 -6.1 8.5 -999.9 0.5 4.5 2.3 360
190_138_v3test 1981 4 22 112 -12.1 -5.1 10.9 -999.9 1.5 3.7 2.9 360
190_138_v3test 1981 4 23 113 -8.6 -5.6 7.8 -999.9 1 3.4 2.6 360
190_138_v3test 1981 4 24 114 -15.6 -5.1 14.1 -999.9 1.5 2.5 2.5 360
190_138_v3test 1981 4 25 115 -16.6 -4.6 14.9 -999.9 0 2.3 2.2 360
190_138_v3test 1981 4 26 116 -18.1 -5.1 15.8 -999.9 0 1.9 2.2 360
190_138_v3test 1981 4 27 117 -14.6 -0.6 16.7 -999.9 0 1.9 2.4 360
190_138_v3test 1981 4 28 118 -15.1 -1.6 16.7 -999.9 1 1.2 2.8 360
190_138_v3test 1981 4 29 119 -13.6 -2.6 15.2 -999.9 0 1.3 2.6 360
190_138_v3test 1981 4 30 120 -15.6 -2.1 17 -999.9 2 1.4 2.3 360
190_138_v3test 1981 5 1 121 -14.6 -3.1 15.7 -999.9 0 1.6 2.5 360
190_138_v3test 1981 5 2 122 -14.1 1.4 18.9 -999.9 1 2 2.5 360
190_138_v3test 1981 5 3 123 -8.6 -2.6 12.3 -999.9 0.8 3.3 3.6 360
190_138_v3test 1981 5 4 124 -5.1 1.4 12.9 -999.9 2 2.7 4.4 360
190_138_v3test 1981 5 5 125 -4.6 3.4 14.2 -999.9 2 2.4 4 360
190_138_v3test 1981 5 6 126 -2.6 4.4 13.3 -999.9 0 2.4 4.8 360
190_138_v3test 1981 5 7 127 -2.1 6.4 15.1 -999.9 0 1.3 5.3 360
190_138_v3test 1981 5 8 128 0.9 4.9 10.4 -999.9 0 1.8 5.5 360
190_138_v3test 1981 5 9 129 -1.1 5.4 13.6 -999.9 4.1 1.6 6.1 360
190_138_v3test 1981 5 10 130 1.9 5.4 10.4 -999.9 3 5.3 5.4 360
190_138_v3test 1981 5 11 131 -4.6 5.4 17 -999.9 0 2.7 4.5 360
190_138_v3test 1981 5 12 132 0.4 10.4 17.2 -999.9 0 2.5 5.4 360
190_138_v3test 1981 5 13 133 1.9 11.4 16.9 -999.9 0 2.6 6.1 360
190_138_v3test 1981 5 14 134 0.8 2.4 10.8 -999.9 0 2.9 5.2 360
190_138_v3test 1981 5 15 135 -3.6 4.4 14.5 -999.9 0 2.1 3.8 360
190_138_v3test 1981 5 16 136 -3.6 9.9 20.6 -999.9 0 2.3 4.9 360
190_138_v3test 1981 5 17 137 0.9 12.9 19.1 -999.9 0 2 5.8 360
190_138_v3test 1981 5 18 138 -1.6 10.6 18.1 -999.9 0 1.6 6.2 360
190_138_v3test 1981 5 19 139 0.4 5.9 13.4 -999.9 0 2.3 6.5 360
190_138_v3test 1981 5 20 140 -1.1 14.9 23.1 -999.9 0 2 6.6 360
190_138_v3test 1981 5 21 141 1.9 15.4 21.4 -999.9 0 2.2 7.2 360
190_138_v3test 1981 5 22 142 1.9 15.9 21.9 -999.9 0 2.6 7.4 360
190_138_v3test 1981 5 23 143 4.4 9.9 13.9 -999.9 0.3 2.7 5.9 360
190_138_v3test 1981 5 24 144 0.4 15.9 23.3 -999.9 0 2 5.7 360
190_138_v3test 1981 5 25 145 1.5 10.9 17.8 -999.9 0 3.2 5.7 360
190_138_v3test 1981 5 26 146 -0.6 2.9 11.6 -999.9 0 3.7 4.6 360
190_138_v3test 1981 5 27 147 -0.6 5.4 14.8 -999.9 0.3 1.3 4.4 360
190_138_v3test 1981 5 28 148 0.4 12.9 21.9 -999.9 0 2.8 5.5 360
190_138_v3test 1981 5 29 149 3.4 11.4 17.8 -999.9 2 2.5 8.1 360
190_138_v3test 1981 5 30 150 2.3 9.5 16.1 -999.9 4.3 3.1 7.7 360
190_138_v3test 1981 5 31 151 0.4 3.4 11.3 -999.9 0.5 3.2 5.1 360
190_138_v3test 1981 6 1 152 -1.6 5.4 17.1 -999.9 0 1.9 5.1 360
190_138_v3test 1981 6 2 153 -0.6 7 15.3 -999.9 0 4 5.3 360
190_138_v3test 1981 6 3 154 -1.1 6.9 18.3 -999.9 0 2.5 4.6 360
190_138_v3test 1981 6 4 155 1.4 10.4 19.3 -999.9 9.9 2.5 5.7 360
190_138_v3test 1981 6 5 156 -0.1 3.9 13.4 -999.9 1 3.2 5.9 360
190_138_v3test 1981 6 6 157 -0.6 2.4 11.6 -999.9 0 2.5 5.2 360
190_138_v3test 1981 6 7 158 -2.1 9.4 22.2 -999.9 0 2.8 4.9 360
190_138_v3test 1981 6 8 159 0.9 9.9 19.9 -999.9 0 1.9 8 360
190_138_v3test 1981 6 9 160 6.4 13.4 17.7 -999.9 2 2 9.2 360
190_138_v3test 1981 6 10 161 7.4 15.9 19.3 -999.9 0 3.7 10.2 360
190_138_v3test 1981 6 11 162 4.7 4.9 17.4 -999.9 0 5.6 6 360
190_138_v3test 1981 6 12 163 -2.1 2.9 14.4 -999.9 4.1 4.6 5.5 360
190_138_v3test 1981 6 13 164 0.4 10.9 21.6 -999.9 0 3.1 4.8 360
190_138_v3test 1981 6 14 165 2.4 11.4 20 -999.9 0 4.2 5.2 360
190_138_v3test 1981 6 15 166 0.9 5.4 14.6 -999.9 4.1 3.6 6.1 360
190_138_v3test 1981 6 16 167 1.4 12.4 22.3 -999.9 0.5 2.6 6.4 360
190_138_v3test 1981 6 17 168 6.8 11.9 18.9 -999.9 0 2.8 7.5 360
190_138_v3test 1981 6 18 169 2.4 6.9 14.5 -999.9 5.1 3.7 7.3 360
190_138_v3test 1981 6 19 170 2.9 7.4 14.2 -999.9 0.5 1.9 8 360
190_138_v3test 1981 6 20 171 3.4 15.4 23.3 -999.9 1 2.3 7.5 360
190_138_v3test 1981 6 21 172 5.4 10.2 14.1 -999.9 11.9 4.5 7.8 360
190_138_v3test 1981 6 22 173 1.9 14.9 24.2 -999.9 0 3.1 6.5 360
190_138_v3test 1981 6 23 174 9.9 20.9 22.4 -999.9 0 5.5 7.9 360
190_138_v3test 1981 6 24 175 12.9 22.4 20.8 -999.9 0 4.2 8.9 360
190_138_v3test 1981 6 25 176 9.7 18.9 17.3 -999.9 3 3.7 9.6 360
190_138_v3test 1981 6 26 177 4.4 5.4 7.4 -999.9 0 4.3 8.2 360
190_138_v3test 1981 6 27 178 4.4 10.9 17.4 -999.9 2 2.3 10.4 360
190_138_v3test 1981 6 28 179 6.4 12.9 17.2 -999.9 0 2.1 9.1 360
190_138_v3test 1981 6 29 180 6.9 15.4 19.6 -999.9 1 2.6 10 360
190_138_v3test 1981 6 30 181 5.9 12.9 17.8 -999.9 0 3.1 7.2 360
190_138_v3test 1981 7 1 182 5.4 9.9 14 -999.9 0 3 8 360
190_138_v3test 1981 7 2 183 5.9 13.9 18.9 -999.9 9.9 1.7 10.4 360
190_138_v3test 1981 7 3 184 9.1 17.4 16.8 -999.9 2 3.7 10.4 360
190_138_v3test 1981 7 4 185 7.9 18.9 21.9 -999.9 0 2.2 8.7 360
190_138_v3test 1981 7 5 186 11.4 22.9 22.3 -999.9 1 3.2 13 360
190_138_v3test 1981 7 6 187 8.4 16.3 17.4 -999.9 2 2.7 11.2 360
190_138_v3test 1981 7 7 188 5.9 13.4 14.7 -999.9 1 1.8 9.1 360
190_138_v3test 1981 7 8 189 8.1 14.5 17.3 -999.9 0 2.5 10.7 360
190_138_v3test 1981 7 9 190 6.4 16.4 20.4 -999.9 0.5 1.9 9.9 360
190_138_v3test 1981 7 10 191 11.4 24.4 23.1 -999.9 0 2.8 12.3 360
190_138_v3test 1981 7 11 192 15.4 23.4 18.2 -999.9 4.1 4 12.3 360
190_138_v3test 1981 7 12 193 8.4 14.9 16.4 -999.9 1 1.9 10.4 360
190_138_v3test 1981 7 13 194 5.9 15.1 16.5 -999.9 0 1.1 7.9 360
190_138_v3test 1981 7 14 195 5.9 13.4 17.2 -999.9 0 1.6 10.8 360
190_138_v3test 1981 7 15 196 8.4 10.4 9.4 -999.9 0 2.8 11.3 360
190_138_v3test 1981 7 16 197 6.9 11.4 13.2 -999.9 0 3.7 9 360
190_138_v3test 1981 7 17 198 4.9 8.4 11.9 -999.9 1 2.6 8.3 360
190_138_v3test 1981 7 18 199 7.8 12.9 16.2 -999.9 0 1.8 8.7 360
190_138_v3test 1981 7 19 200 6.4 16.9 19.4 -999.9 0 1.1 9 360
190_138_v3test 1981 7 20 201 6.9 18.9 20.8 -999.9 0 2 9.2 360
190_138_v3test 1981 7 21 202 9.4 21.4 20.5 -999.9 0 2.1 11.1 360
190_138_v3test 1981 7 22 203 10.9 20.9 18.7 -999.9 0 2.2 12.4 360
190_138_v3test 1981 7 23 204 12.4 22.9 19 -999.9 0 2.6 14.5 360
190_138_v3test 1981 7 24 205 14.9 18.9 12 -999.9 0 2.5 15 360
190_138_v3test 1981 7 25 206 7.9 13.9 13.8 -999.9 16 2.2 10.3 360
190_138_v3test 1981 7 26 207 6.9 22.9 22.6 -999.9 0 1.6 11.1 360
190_138_v3test 1981 7 27 208 11.4 22.9 19.2 -999.9 0 1.8 12 360
190_138_v3test 1981 7 28 209 11.4 22.9 18.9 -999.9 0 3.4 11.3 360
190_138_v3test 1981 7 29 210 12.4 18.9 14.3 -999.9 3 2.8 12.9 360
190_138_v3test 1981 7 30 211 11.4 23.4 18.9 -999.9 0 1.6 12.8 360
190_138_v3test 1981 7 31 212 11.4 21.4 17.2 -999.9 0.5 2.2 15.9 360
190_138_v3test 1981 8 1 213 12.1 20.4 14.2 -999.9 1 3.1 14.5 360
190_138_v3test 1981 8 2 214 10.9 20.9 16.9 -999.9 0 2.5 13.7 360
190_138_v3test 1981 8 3 215 11.5 18.9 13.9 -999.9 0 2.5 12.1 360
190_138_v3test 1981 8 4 216 9.9 16.9 14 -999.9 0 2.9 10.3 360
190_138_v3test 1981 8 5 217 11.9 18.9 13.7 -999.9 3 2.2 11.5 360
190_138_v3test 1981 8 6 218 7.4 20.4 18.4 -999.9 0 2.2 12.2 360
190_138_v3test 1981 8 7 219 8.9 13.9 11.6 -999.9 3 3.2 10.7 360
190_138_v3test 1981 8 8 220 4.4 9.4 11.2 -999.9 0.5 3.4 7.2 360
190_138_v3test 1981 8 9 221 4.9 11.8 11.1 -999.9 1 3.2 7.9 360
190_138_v3test 1981 8 10 222 6.4 10.4 10.1 -999.9 7.9 1.9 9.7 360
190_138_v3test 1981 8 11 223 6.9 9.9 8.7 -999.9 5.1 2.1 10.7 360
190_138_v3test 1981 8 12 224 7.9 11.9 9.9 -999.9 1 2 10.4 360
190_138_v3test 1981 8 13 225 7.9 10.4 7.9 -999.9 0 3.1 10.4 360
190_138_v3test 1981 8 14 226 7.4 13.9 12.1 -999.9 0 1.7 9.9 360
190_138_v3test 1981 8 15 227 5.9 15.9 14.5 -999.9 0 1 11.3 360
190_138_v3test 1981 8 16 228 9.4 14.4 10.4 -999.9 1 1.1 12.1 360
190_138_v3test 1981 8 17 229 7.4 17.9 14.5 -999.9 0 1.6 11.6 360
190_138_v3test 1981 8 18 230 12.4 18.9 11.4 -999.9 1 1.5 12.9 360
190_138_v3test 1981 8 19 231 9.9 12.9 8 -999.9 5.3 2.9 10.3 360
190_138_v3test 1981 8 20 232 5.9 10.9 9.7 -999.9 0.5 2.1 7.8 360
190_138_v3test 1981 8 21 233 3.4 9.9 10.5 -999.9 0 1.1 7.4 360
190_138_v3test 1981 8 22 234 1.4 11.9 13.2 -999.9 0 2.6 7.3 360
190_138_v3test 1981 8 23 235 4.9 8.4 8.1 -999.9 3 3.1 7.3 360
190_138_v3test 1981 8 24 236 4.4 8.4 8.5 -999.9 0 2.4 7.6 360
190_138_v3test 1981 8 25 237 4.9 8.4 7.9 -999.9 0 1.9 7.5 360
190_138_v3test 1981 8 26 238 4.4 10.4 9.7 -999.9 0.5 1 8.2 360
190_138_v3test 1981 8 27 239 3.4 11.9 10.9 -999.9 0 2.4 7.8 360
190_138_v3test 1981 8 28 240 4.4 6.9 6.5 -999.9 5.1 4.6 7.5 360
190_138_v3test 1981 8 29 241 4.9 8.9 7.8 -999.9 3 3.2 9.3 360
190_138_v3test 1981 8 30 242 6.9 9.4 6.3 -999.9 0.5 1.9 10.1 360
190_138_v3test 1981 8 31 243 6.4 8.4 5.5 -999.9 0.5 2.2 9.2 360
190_138_v3test 1981 9 1 244 4.9 11 8.6 -999.9 0 2.6 8.4 360
190_138_v3test 1981 9 2 245 2.4 9.4 8.7 -999.9 0 2 8.4 360
190_138_v3test 1981 9 3 246 5.4 12.9 9.5 -999.9 0 1.7 9 360
190_138_v3test 1981 9 4 247 5.9 12.9 9.1 -999.9 0 0.9 9.5 360
190_138_v3test 1981 9 5 248 4.9 13.4 9.7 -999.9 0 2 8.7 360
190_138_v3test 1981 9 6 249 4.9 12.4 8.9 -999.9 0 3.4 8.8 360
190_138_v3test 1981 9 7 250 3.4 10.4 8.4 -999.9 3 3.7 6.8 360
190_138_v3test 1981 9 8 251 1.9 9.9 8.6 -999.9 0.3 3.3 6.7 360
190_138_v3test 1981 9 9 252 2.4 8.4 6.8 -999.9 8.9 3 7 360
190_138_v3test 1981 9 10 253 2.4 9.4 7.7 -999.9 0 2.8 7.5 360
190_138_v3test 1981 9 11 254 4.9 6.9 4.7 -999.9 0 2.8 7.5 360
190_138_v3test 1981 9 12 255 3.4 6.9 5.8 -999.9 4.1 2.8 7.2 360
190_138_v3test 1981 9 13 256 3.4 5.9 4.9 -999.9 1 2 6.8 360
190_138_v3test 1981 9 14 257 1.4 5.4 5.8 -999.9 2.5 1.3 6.6 360
190_138_v3test 1981 9 15 258 0.9 5.4 6.1 -999.9 0.5 0.9 6.6 360
190_138_v3test 1981 9 16 259 0.9 5.4 5.9 -999.9 1 1.2 6 360
190_138_v3test 1981 9 17 260 -0.4 5.4 7 -999.9 0 2.2 5.3 360
190_138_v3test 1981 9 18 261 1.6 7.9 6.2 -999.9 0 1.9 5.2 360
190_138_v3test 1981 9 19 262 -1.6 7.4 7.4 -999.9 0 2.2 6.1 360
190_138_v3test 1981 9 20 263 1.9 7.4 5.9 -999.9 0 3.4 6 360
190_138_v3test 1981 9 21 264 1.9 7.9 6 -999.9 0 2.7 5.6 360
190_138_v3test 1981 9 22 265 -0.1 5.4 5.7 -999.9 0 1.1 6.6 360
190_138_v3test 1981 9 23 266 2.4 4.4 3.7 -999.9 0.5 2 6.9 360
190_138_v3test 1981 9 24 267 -0.4 5.9 5.7 -999.9 6.1 2.1 6.2 360
190_138_v3test 1981 9 25 268 0.4 5.4 5.1 -999.9 0 1.3 6.6 360
190_138_v3test 1981 9 26 269 -0.1 8.4 6.1 -999.9 0 1.3 7.5 360
190_138_v3test 1981 9 27 270 6.4 10.4 4.4 -999.9 0.3 2.2 9.3 360
190_138_v3test 1981 9 28 271 2.9 7.4 4.2 -999.9 0 2.2 8.1 360
190_138_v3test 1981 9 29 272 2.9 10.9 4.4 -999.9 1 2.2 11.3 360
190_138_v3test 1981 9 30 273 8.4 12.9 4.3 -999.9 3.6 3.7 10.7 360
190_138_v3test 1981 10 1 274 1.2 5.2 3.8 -999.9 3 3.1 6.3 360
190_138_v3test 1981 10 2 275 1.4 10.9 5.5 -999.9 0 3.3 9.2 360
190_138_v3test 1981 10 3 276 8.9 11.9 3.4 -999.9 2 3.1 10.6 360
190_138_v3test 1981 10 4 277 3.9 5.4 2.7 -999.9 1.5 2.1 8.7 360
190_138_v3test 1981 10 5 278 5.4 11.4 4.2 -999.9 7.9 2.3 11.3 360
190_138_v3test 1981 10 6 279 2.3 8.4 3.3 -999.9 3 3 8.4 360
190_138_v3test 1981 10 7 280 2.9 5.4 3.2 -999.9 0.3 5.2 6.2 360
190_138_v3test 1981 10 8 281 -0.1 5.4 3.7 -999.9 0 1.7 5.7 360
190_138_v3test 1981 10 9 282 -0.6 3.9 3.4 -999.9 1 2.2 6.4 360
190_138_v3test 1981 10 10 283 0.9 3.4 2.7 -999.9 1 1.7 5.8 360
190_138_v3test 1981 10 11 284 0.9 4.9 3.1 -999.9 0 1.8 6.4 360
190_138_v3test 1981 10 12 285 0.9 5.9 3.2 -999.9 0.5 2.2 8 360
190_138_v3test 1981 10 13 286 3.9 6.4 2.5 -999.9 8.1 4.9 7.1 360
190_138_v3test 1981 10 14 287 2.4 5.4 2.6 -999.9 0 2.1 6.9 360
190_138_v3test 1981 10 15 288 1.9 3.3 2.2 -999.9 0 1.3 6.6 360
190_138_v3test 1981 10 16 289 -0.8 2.9 2.2 -999.9 0 2.5 6.3 360
190_138_v3test 1981 10 17 290 -2.6 1.4 2.6 -999.9 0 2.2 4.9 360
190_138_v3test 1981 10 18 291 -6.1 -0.1 2.8 -999.9 0 2.2 4.2 360
190_138_v3test 1981 10 19 292 -7.6 -0.9 2.2 -999.9 0 2.5 3.5 360
190_138_v3test 1981 10 20 293 -10.6 -4.6 2.7 -999.9 0 1.6 3.5 360
190_138_v3test 1981 10 21 294 -9.1 -3.1 2.6 -999.9 0 2.3 3.3 360
190_138_v3test 1981 10 22 295 -4.6 1.9 2.6 -999.9 1.5 3.1 5.3 360
190_138_v3test 1981 10 23 296 -2.2 0.9 1.7 -999.9 0 1.1 5.4 360
190_138_v3test 1981 10 24 297 -3.1 0.4 2 -999.9 0 1.8 4.9 360
190_138_v3test 1981 10 25 298 -2.4 0.9 1.6 -999.9 3 1.5 5.6 360
190_138_v3test 1981 10 26 299 -3 -0.6 1.4 -999.9 0 1.4 5.5 360
190_138_v3test 1981 10 27 300 -1.6 0.9 1.8 -999.9 1 2.3 5.9 360
190_138_v3test 1981 10 28 301 -5 -0.2 1.3 -999.9 1 1.1 5.5 360
190_138_v3test 1981 10 29 302 -4.5 -1.1 1.5 -999.9 4.1 2 4.5 360
190_138_v3test 1981 10 30 303 -5.4 -5.1 1.1 -999.9 1 1.6 3.3 360
190_138_v3test 1981 10 31 304 -12.1 -8.6 1.7 -999.9 2 1.9 2.7 360
190_138_v3test 1981 11 1 305 -11.6 -8.5 1.2 -999.9 0 1.9 1.7 360
190_138_v3test 1981 11 2 306 -18.1 -12.6 1.7 -999.9 0.5 2.5 1.7 360
190_138_v3test 1981 11 3 307 -16.6 -8.6 1.4 -999.9 0 2.1 2.3 360
190_138_v3test 1981 11 4 308 -13.6 -5.6 1.4 -999.9 0 3.1 2.7 360
190_138_v3test 1981 11 5 309 -5.6 -2.1 1.1 -999.9 0.5 2.4 4.2 360
190_138_v3test 1981 11 6 310 -6.5 -1.1 1.1 -999.9 0.5 2.8 4.6 360
190_138_v3test 1981 11 7 311 -6.9 -2.1 0.7 -999.9 0.5 2.3 4 360
190_138_v3test 1981 11 8 312 -4.1 2.4 0.7 -999.9 0 2.2 5.8 360
190_138_v3test 1981 11 9 313 -3.6 1.9 0.6 -999.9 7.1 1.7 5.7 360
190_138_v3test 1981 11 10 314 -3.6 1.4 0.6 -999.9 0 5 5 360
190_138_v3test 1981 11 11 315 -1.1 0.4 0.5 -999.9 0 3.9 5.2 360
190_138_v3test 1981 11 12 316 -7.6 -3.6 0.4 -999.9 0 1.9 3.3 360
190_138_v3test 1981 11 13 317 -12.9 -10.3 0.4 -999.9 0 2.2 1.8 360
190_138_v3test 1981 11 14 318 -18.1 -15.1 0.4 -999.9 0.5 2 1.6 360
190_138_v3test 1981 11 15 319 -12.1 -2.6 0.3 -999.9 0 5 3.1 360
190_138_v3test 1981 11 16 320 -2.6 0.4 0.3 -999.9 0 6.3 4.5 360
190_138_v3test 1981 11 17 321 -1.6 -0.6 0.2 -999.9 0 4 4.9 360
190_138_v3test 1981 11 18 322 -1.1 0.4 0.2 -999.9 0 4.9 5 360
190_138_v3test 1981 11 19 323 -7 -3.5 0.1 -999.9 0 4.5 4.3 360
190_138_v3test 1981 11 20 324 -3.1 -0.1 0.1 -999.9 0.3 2.8 4.4 360
190_138_v3test 1981 11 21 325 -6.1 -2.6 0.1 -999.9 0 2.6 3.8 360
190_138_v3test 1981 11 22 326 -10.1 -5.7 0.1 -999.9 1 2 3.7 360
190_138_v3test 1981 11 23 327 -6.1 -3.6 0 -999.9 4.6 1.6 3.9 360
190_138_v3test 1981 11 24 328 -6.1 -4.6 0 -999.9 1 1.7 3.8 360
190_138_v3test 1981 11 25 329 -7.6 -4.6 0 -999.9 3 1.9 3.6 360
190_138_v3test 1981 11 26 330 -6.6 -3.1 0 -999.9 0.5 3.5 4.1 360
190_138_v3test 1981 11 27 331 -5.6 -4.1 0 -999.9 3.6 2.1 3.8 360
190_138_v3test 1981 11 28 332 -9.8 -6.8 0 -999.9 1.5 1.1 3 360
190_138_v3test 1981 11 29 333 -14.1 -7.1 0 -999.9 0.5 2 2.6 360
190_138_v3test 1981 11 30 334 -11.1 -8.6 0 -999.9 0 3.1 2.6 360
190_138_v3test 1981 12 1 335 -13.1 -10.1 0 -999.9 0 4.2 2.1 360
190_138_v3test 1981 12 2 336 -14.6 -8.1 0 -999.9 0 4.3 1.9 360
190_138_v3test 1981 12 3 337 -7.6 -3.6 0 -999.9 0 3.5 4 360
190_138_v3test 1981 12 4 338 -11 -6.5 0 -999.9 0.5 5.2 3.6 360
190_138_v3test 1981 12 5 339 -8.1 -6.6 0 -999.9 1.5 5.1 2.7 360
190_138_v3test 1981 12 6 340 -8.6 -7.1 0 -999.9 1 4.4 2.8 360
190_138_v3test 1981 12 7 341 -9.6 -6.1 0 -999.9 0.5 4.6 2.9 360
190_138_v3test 1981 12 8 342 -12.1 -11.4 0 -999.9 0 3.1 1.7 360
190_138_v3test 1981 12 9 343 -21.2 -17.2 0 -999.9 4.1 1.6 0.6 360
190_138_v3test 1981 12 10 344 -22.3 -8.1 0 -999.9 3.6 3.4 2.2 360
190_138_v3test 1981 12 11 345 -11.4 -7.8 0 -999.9 1 3.1 2.6 360
190_138_v3test 1981 12 12 346 -12.6 -12.2 0 -999.9 13.2 4.5 1.5 360
190_138_v3test 1981 12 13 347 -24.1 -16.1 0 -999.9 0 2.1 1.2 360
190_138_v3test 1981 12 14 348 -12.8 -5.1 0 -999.9 0.3 6.1 3.5 360
190_138_v3test 1981 12 15 349 -10.6 -8.1 0 -999.9 6.1 6.2 2.8 360
190_138_v3test 1981 12 16 350 -13.2 -10.6 0 -999.9 0 3.3 1.7 360
190_138_v3test 1981 12 17 351 -13.4 -10.3 0 -999.9 0 1.4 1.2 360
190_138_v3test 1981 12 18 352 -25.1 -19.1 0 -999.9 0 4.1 1 360
190_138_v3test 1981 12 19 353 -21.6 -14 0 -999.9 0 3.4 0.8 360
190_138_v3test 1981 12 20 354 -22.2 -16.1 0 -999.9 1 3.2 0.5 360
190_138_v3test 1981 12 21 355 -32.1 -29.6 0 -999.9 0 3.7 0.4 360
190_138_v3test 1981 12 22 356 -23.8 -17.3 0 -999.9 0 2.5 0.5 360
190_138_v3test 1981 12 23 357 -30.6 -26.1 0 -999.9 0 1.1 0.5 360
190_138_v3test 1981 12 24 358 -19.8 -14.8 0 -999.9 0 1.2 1.4 360
190_138_v3test 1981 12 25 359 -35.6 -28.6 0 -999.9 2 1 1.5 360
190_138_v3test 1981 12 26 360 -32.1 -25.6 0 -999.9 0 2.5 0.6 360
190_138_v3test 1981 12 27 361 -27.6 -17.1 0 -999.9 0 2.8 1 360
190_138_v3test 1981 12 28 362 -20.6 -15.6 0 -999.9 0.5 0.8 1.2 360
190_138_v3test 1981 12 29 363 -19.6 -9.6 0 -999.9 1.5 1.3 2.3 360
190_138_v3test 1981 12 30 364 -9.1 -5.6 0 -999.9 2.3 3.1 3.1 360
190_138_v3test 1981 12 31 365 -15.3 -11.6 0 -999.9 8.9 1.3 1.4 360
